Metric: | MAE	| NMAE	| RMSE	| MRE	| NPRE	
==========================================
UMEAN
Avg:	0.2042	0.5029	0.2520	0.4737	1.4498
Std:	0.0043	0.0107	0.0058	0.0073	0.0879
==========================================
IMEAN
Avg:	0.0579	0.1427	0.0784	0.1315	0.2994
Std:	0.0015	0.0034	0.0030	0.0028	0.0092
==========================================
UPCC
Avg:	0.1702	0.4193	0.2227	0.3724	1.2437
Std:	0.0059	0.0140	0.0082	0.0170	0.0896
==========================================
IPCC
Avg:	0.0533	0.1312	0.0734	0.1154	0.2953
Std:	0.0018	0.0042	0.0034	0.0037	0.0129
==========================================
UIPCC
Avg:	0.0519	0.1279	0.0716	0.1118	0.3033
Std:	0.0017	0.0040	0.0032	0.0039	0.0167
==========================================


Detailed results for 20 rounds:
==========================================
UMEAN
==========================================
0.2007	0.4951	0.2461	0.4677	1.4618
0.2002	0.4907	0.2493	0.4677	1.3164
0.2032	0.4992	0.2500	0.4750	1.3717
0.2146	0.5307	0.2612	0.4947	1.6230
0.2004	0.4934	0.2444	0.4738	1.4209
0.2032	0.4982	0.2547	0.4684	1.3156
0.2058	0.5076	0.2513	0.4816	1.5348
0.2013	0.4979	0.2454	0.4697	1.4499
0.2079	0.5136	0.2531	0.4847	1.5652
0.2014	0.4936	0.2530	0.4730	1.3247
0.1977	0.4851	0.2457	0.4641	1.3581
0.1962	0.4893	0.2447	0.4658	1.3402
0.2095	0.5180	0.2582	0.4825	1.5526
0.2046	0.5016	0.2460	0.4779	1.5384
0.2077	0.5113	0.2584	0.4706	1.4783
0.2057	0.5064	0.2581	0.4684	1.4400
0.2053	0.5070	0.2520	0.4728	1.5195
0.2030	0.5002	0.2501	0.4752	1.4747
0.2094	0.5126	0.2647	0.4689	1.4667
0.2054	0.5065	0.2546	0.4710	1.4423


IMEAN
==========================================
0.0596	0.1471	0.0812	0.1333	0.3048
0.0576	0.1411	0.0782	0.1309	0.2949
0.0585	0.1436	0.0801	0.1317	0.2917
0.0558	0.1381	0.0748	0.1290	0.2947
0.0565	0.1392	0.0772	0.1279	0.2824
0.0591	0.1450	0.0805	0.1366	0.2894
0.0572	0.1412	0.0760	0.1282	0.3077
0.0567	0.1404	0.0760	0.1296	0.3077
0.0558	0.1380	0.0743	0.1290	0.3003
0.0595	0.1457	0.0811	0.1348	0.2884
0.0612	0.1501	0.0842	0.1353	0.2969
0.0568	0.1417	0.0759	0.1326	0.2893
0.0580	0.1435	0.0781	0.1324	0.3141
0.0590	0.1446	0.0810	0.1309	0.3180
0.0576	0.1417	0.0766	0.1333	0.3063
0.0559	0.1376	0.0754	0.1277	0.2949
0.0564	0.1392	0.0749	0.1288	0.2986
0.0587	0.1447	0.0822	0.1308	0.3003
0.0605	0.1480	0.0838	0.1368	0.2951
0.0580	0.1429	0.0771	0.1300	0.3116


UPCC
==========================================
0.1628	0.4016	0.2128	0.3603	1.1850
0.1698	0.4161	0.2235	0.3714	1.1591
0.1712	0.4205	0.2231	0.3802	1.2084
0.1813	0.4482	0.2350	0.4059	1.4754
0.1691	0.4164	0.2168	0.3977	1.2529
0.1775	0.4352	0.2358	0.3850	1.1706
0.1733	0.4273	0.2233	0.3811	1.3563
0.1584	0.3918	0.2036	0.3551	1.1884
0.1733	0.4281	0.2230	0.3712	1.3606
0.1703	0.4173	0.2283	0.3708	1.0895
0.1659	0.4071	0.2179	0.3679	1.1675
0.1593	0.3972	0.2133	0.3372	1.1283
0.1746	0.4316	0.2274	0.3918	1.3067
0.1672	0.4099	0.2143	0.3650	1.3444
0.1749	0.4307	0.2289	0.3737	1.2651
0.1695	0.4174	0.2274	0.3581	1.2070
0.1632	0.4029	0.2168	0.3406	1.2619
0.1718	0.4232	0.2223	0.3826	1.2257
0.1772	0.4338	0.2365	0.3659	1.2645
0.1743	0.4298	0.2246	0.3867	1.2565


IPCC
==========================================
0.0558	0.1376	0.0764	0.1208	0.3074
0.0516	0.1265	0.0718	0.1150	0.2742
0.0541	0.1330	0.0753	0.1160	0.2790
0.0513	0.1268	0.0693	0.1145	0.2946
0.0525	0.1292	0.0731	0.1139	0.2784
0.0534	0.1311	0.0748	0.1166	0.2835
0.0544	0.1342	0.0726	0.1223	0.3104
0.0512	0.1268	0.0701	0.1105	0.3164
0.0511	0.1262	0.0692	0.1112	0.2892
0.0555	0.1360	0.0774	0.1195	0.2873
0.0566	0.1390	0.0795	0.1211	0.2986
0.0521	0.1298	0.0716	0.1145	0.2846
0.0530	0.1310	0.0720	0.1163	0.3075
0.0538	0.1319	0.0754	0.1120	0.3210
0.0522	0.1285	0.0711	0.1137	0.2941
0.0532	0.1309	0.0725	0.1158	0.2950
0.0503	0.1242	0.0679	0.1074	0.2946
0.0553	0.1361	0.0783	0.1188	0.2936
0.0559	0.1369	0.0793	0.1167	0.2858
0.0521	0.1283	0.0714	0.1122	0.3111


UIPCC
==========================================
0.0549	0.1354	0.0752	0.1189	0.3232
0.0489	0.1198	0.0687	0.1037	0.2661
0.0529	0.1300	0.0756	0.1112	0.2831
0.0508	0.1257	0.0681	0.1121	0.3158
0.0504	0.1240	0.0711	0.1068	0.2892
0.0528	0.1296	0.0748	0.1098	0.2908
0.0524	0.1292	0.0701	0.1170	0.3088
0.0497	0.1229	0.0677	0.1072	0.3287
0.0510	0.1259	0.0679	0.1120	0.3181
0.0536	0.1314	0.0768	0.1142	0.2814
0.0533	0.1307	0.0737	0.1129	0.2903
0.0507	0.1263	0.0699	0.1104	0.2865
0.0525	0.1298	0.0709	0.1171	0.3188
0.0508	0.1246	0.0698	0.1082	0.3112
0.0514	0.1265	0.0698	0.1138	0.2981
0.0510	0.1256	0.0696	0.1085	0.2975
0.0508	0.1255	0.0679	0.1113	0.3109
0.0548	0.1350	0.0759	0.1180	0.3252
0.0547	0.1338	0.0779	0.1127	0.3061
0.0509	0.1255	0.0701	0.1095	0.3162


