Metric: | MAE	| NMAE	| RMSE	| MRE	| NPRE	
==========================================
UMEAN
Avg:	0.2548	0.5019	0.3148	0.4495	1.3744
Std:	0.0092	0.0196	0.0113	0.0149	0.1178
==========================================
IMEAN
Avg:	0.0733	0.1444	0.0968	0.1339	0.3334
Std:	0.0039	0.0071	0.0055	0.0071	0.0143
==========================================
UPCC
Avg:	0.2540	0.5003	0.3142	0.4479	1.3715
Std:	0.0089	0.0192	0.0113	0.0146	0.1172
==========================================
IPCC
Avg:	0.0732	0.1441	0.0967	0.1335	0.3334
Std:	0.0039	0.0071	0.0056	0.0069	0.0143
==========================================
UIPCC
Avg:	0.0734	0.1445	0.0944	0.1312	0.3429
Std:	0.0047	0.0091	0.0066	0.0091	0.0239
==========================================


Detailed results for 20 rounds:
==========================================
UMEAN
==========================================
0.2652	0.5421	0.3274	0.4807	1.5657
0.2521	0.4760	0.3085	0.4338	1.3054
0.2611	0.5074	0.3271	0.4501	1.3858
0.2507	0.4868	0.3161	0.4375	1.1465
0.2521	0.4955	0.3179	0.4449	1.2490
0.2418	0.4763	0.3039	0.4363	1.0992
0.2466	0.4833	0.3026	0.4333	1.4001
0.2545	0.4997	0.3118	0.4480	1.4890
0.2467	0.5041	0.3037	0.4538	1.4291
0.2657	0.5077	0.3233	0.4598	1.4289
0.2535	0.5224	0.3160	0.4532	1.4694
0.2472	0.5004	0.3040	0.4505	1.3793
0.2610	0.5168	0.3226	0.4674	1.3802
0.2477	0.4738	0.3059	0.4291	1.2402
0.2399	0.4883	0.2967	0.4336	1.3150
0.2732	0.5340	0.3389	0.4716	1.4891
0.2576	0.5212	0.3185	0.4483	1.5029
0.2729	0.5231	0.3334	0.4759	1.4752
0.2572	0.5007	0.3181	0.4496	1.4022
0.2490	0.4776	0.3004	0.4315	1.3350


IMEAN
==========================================
0.0684	0.1397	0.0876	0.1275	0.2978
0.0841	0.1588	0.1123	0.1453	0.3209
0.0743	0.1443	0.0971	0.1397	0.3335
0.0732	0.1422	0.1002	0.1282	0.3255
0.0750	0.1475	0.1001	0.1347	0.3587
0.0711	0.1401	0.0940	0.1308	0.3333
0.0738	0.1446	0.0966	0.1300	0.3511
0.0702	0.1379	0.0908	0.1358	0.3108
0.0706	0.1443	0.0932	0.1338	0.3354
0.0803	0.1534	0.1029	0.1350	0.3469
0.0731	0.1506	0.0985	0.1394	0.3426
0.0726	0.1469	0.0947	0.1429	0.3333
0.0665	0.1316	0.0894	0.1268	0.3163
0.0710	0.1358	0.0961	0.1307	0.3274
0.0776	0.1580	0.1035	0.1479	0.3478
0.0754	0.1473	0.1008	0.1353	0.3349
0.0741	0.1500	0.0985	0.1400	0.3468
0.0708	0.1357	0.0922	0.1250	0.3380
0.0717	0.1396	0.0960	0.1182	0.3256
0.0726	0.1393	0.0922	0.1315	0.3426


UPCC
==========================================
0.2650	0.5416	0.3272	0.4803	1.5657
0.2504	0.4728	0.3072	0.4289	1.3016
0.2602	0.5057	0.3263	0.4474	1.3858
0.2505	0.4863	0.3161	0.4371	1.1465
0.2519	0.4951	0.3177	0.4444	1.2490
0.2414	0.4755	0.3032	0.4363	1.0992
0.2462	0.4826	0.3021	0.4320	1.3877
0.2541	0.4990	0.3116	0.4472	1.4890
0.2464	0.5035	0.3034	0.4536	1.4291
0.2642	0.5048	0.3219	0.4577	1.4187
0.2525	0.5204	0.3154	0.4525	1.4694
0.2468	0.4996	0.3034	0.4502	1.3765
0.2601	0.5149	0.3221	0.4654	1.3802
0.2477	0.4738	0.3059	0.4291	1.2402
0.2395	0.4875	0.2965	0.4330	1.3150
0.2722	0.5320	0.3383	0.4648	1.4891
0.2552	0.5163	0.3171	0.4452	1.5000
0.2710	0.5193	0.3321	0.4741	1.4752
0.2567	0.4997	0.3177	0.4485	1.3785
0.2479	0.4756	0.2995	0.4307	1.3343


IPCC
==========================================
0.0683	0.1396	0.0876	0.1272	0.2971
0.0841	0.1588	0.1122	0.1453	0.3224
0.0742	0.1441	0.0970	0.1390	0.3333
0.0732	0.1422	0.1002	0.1281	0.3255
0.0750	0.1474	0.1001	0.1346	0.3587
0.0710	0.1398	0.0939	0.1300	0.3333
0.0737	0.1445	0.0966	0.1300	0.3513
0.0701	0.1377	0.0907	0.1358	0.3108
0.0705	0.1441	0.0930	0.1337	0.3352
0.0803	0.1534	0.1029	0.1350	0.3469
0.0729	0.1502	0.0983	0.1388	0.3419
0.0725	0.1468	0.0947	0.1414	0.3333
0.0661	0.1309	0.0891	0.1261	0.3163
0.0710	0.1357	0.0961	0.1307	0.3274
0.0775	0.1578	0.1035	0.1478	0.3478
0.0752	0.1469	0.1006	0.1352	0.3339
0.0731	0.1480	0.0973	0.1367	0.3467
0.0707	0.1354	0.0920	0.1250	0.3380
0.0717	0.1395	0.0960	0.1182	0.3256
0.0725	0.1390	0.0920	0.1306	0.3426


UIPCC
==========================================
0.0705	0.1440	0.0901	0.1309	0.3272
0.0817	0.1542	0.1078	0.1370	0.3274
0.0770	0.1496	0.0989	0.1390	0.3513
0.0746	0.1448	0.1008	0.1227	0.3164
0.0747	0.1468	0.0964	0.1321	0.3513
0.0708	0.1395	0.0906	0.1329	0.3367
0.0767	0.1503	0.0960	0.1402	0.3668
0.0696	0.1367	0.0889	0.1241	0.3238
0.0714	0.1459	0.0916	0.1360	0.3589
0.0853	0.1630	0.1076	0.1507	0.3895
0.0721	0.1486	0.0946	0.1341	0.3542
0.0687	0.1392	0.0880	0.1275	0.3218
0.0675	0.1337	0.0873	0.1215	0.3130
0.0674	0.1289	0.0877	0.1151	0.3079
0.0802	0.1633	0.1050	0.1477	0.3848
0.0743	0.1453	0.0963	0.1373	0.3365
0.0734	0.1485	0.0950	0.1286	0.3839
0.0681	0.1304	0.0859	0.1181	0.3295
0.0703	0.1369	0.0898	0.1223	0.3250
0.0727	0.1394	0.0900	0.1273	0.3514


