Metric: | MAE	| NMAE	| RMSE	| MRE	| NPRE	
Avg:	0.1205	0.3834	0.1616	0.3333	0.9969
Std:	0.0117	0.0465	0.0138	0.0476	0.2048

==========================================
Detailed results for 20 rounds:
0.1211	0.4129	0.1594	0.3988	0.9666
0.1357	0.4397	0.1751	0.3837	1.4521
0.1000	0.3110	0.1311	0.2819	0.7374
0.1372	0.4536	0.1839	0.3629	1.4588
0.1143	0.3258	0.1573	0.2801	0.7255
0.1211	0.3968	0.1666	0.3584	0.8793
0.1368	0.4750	0.1835	0.4127	1.1395
0.1199	0.3917	0.1567	0.3541	0.9445
0.1222	0.4362	0.1632	0.3609	1.2329
0.1259	0.3977	0.1623	0.3689	1.1157
0.1363	0.3974	0.1777	0.3494	1.0504
0.1242	0.3901	0.1613	0.3510	1.1053
0.1065	0.3392	0.1521	0.3016	0.6883
0.1095	0.3809	0.1502	0.3286	0.9384
0.1026	0.3317	0.1386	0.2571	1.0104
0.1019	0.2977	0.1512	0.2171	0.8956
0.1155	0.3476	0.1514	0.2989	0.9284
0.1185	0.3850	0.1596	0.3257	0.8702
0.1291	0.3956	0.1788	0.3541	0.9551
0.1310	0.3624	0.1725	0.3194	0.8437
