Metric: | MAE	| NMAE	| RMSE	| MRE	| NPRE	
Avg:	0.0850	0.2741	0.1202	0.2201	0.6934
Std:	0.0127	0.0409	0.0174	0.0397	0.1043

==========================================
Detailed results for 20 rounds:
0.0937	0.3183	0.1260	0.2751	0.7011
0.0897	0.2983	0.1209	0.2367	0.8784
0.0740	0.2547	0.1010	0.2092	0.6742
0.1021	0.3217	0.1489	0.2441	0.7699
0.0744	0.2294	0.1154	0.1728	0.5820
0.0877	0.2944	0.1255	0.2215	0.7398
0.0844	0.2764	0.1296	0.2004	0.6364
0.0917	0.2975	0.1207	0.2619	0.7475
0.0827	0.2839	0.1134	0.2469	0.7283
0.0969	0.3112	0.1298	0.2779	0.6978
0.1058	0.3268	0.1468	0.2736	0.8256
0.0881	0.2806	0.1236	0.2250	0.8256
0.0591	0.1925	0.0861	0.1485	0.4647
0.0819	0.2702	0.1203	0.1929	0.7526
0.0644	0.1997	0.0902	0.1610	0.5047
0.0621	0.1922	0.0935	0.1412	0.6089
0.0789	0.2523	0.1064	0.2220	0.6141
0.0985	0.3102	0.1461	0.2169	0.7952
0.0913	0.2791	0.1294	0.2390	0.6229
0.0920	0.2930	0.1299	0.2348	0.6978
