Metric: | MAE	| NMAE	| RMSE	| MRE	| NPRE	
Avg:	0.0924	0.2541	0.1298	0.2046	0.6301
Std:	0.0129	0.0360	0.0188	0.0319	0.1213

==========================================
Detailed results for 20 rounds:
0.0914	0.2446	0.1258	0.1976	0.5877
0.1081	0.2921	0.1492	0.2308	0.8319
0.0753	0.2061	0.1012	0.1797	0.5086
0.1022	0.2679	0.1524	0.1696	0.7512
0.0850	0.2406	0.1251	0.1771	0.6458
0.1061	0.3075	0.1494	0.2433	0.7732
0.0977	0.2817	0.1365	0.2317	0.6710
0.1065	0.2882	0.1404	0.2700	0.6839
0.0827	0.2253	0.1147	0.1873	0.5435
0.0908	0.2555	0.1298	0.2008	0.7147
0.0903	0.2641	0.1255	0.2111	0.6876
0.0993	0.2643	0.1338	0.2299	0.7126
0.0790	0.2178	0.1130	0.1798	0.4796
0.0800	0.2257	0.1128	0.1806	0.5771
0.0868	0.2417	0.1188	0.2139	0.5788
0.0761	0.2035	0.1114	0.1438	0.4782
0.0737	0.1974	0.1000	0.1699	0.4312
0.1246	0.3410	0.1789	0.2567	0.8759
0.0935	0.2483	0.1353	0.1922	0.4972
0.0988	0.2683	0.1414	0.2263	0.5716
