Metric: | MAE	| NMAE	| RMSE	| MRE	| NPRE	
Avg:	0.0247	0.0681	0.0407	0.0416	0.1848
Std:	0.0038	0.0104	0.0060	0.0072	0.0310

==========================================
Detailed results for 20 rounds:
0.0291	0.0796	0.0468	0.0470	0.2210
0.0339	0.0930	0.0523	0.0610	0.2547
0.0236	0.0652	0.0389	0.0406	0.1877
0.0220	0.0616	0.0355	0.0421	0.1568
0.0207	0.0572	0.0337	0.0351	0.1468
0.0224	0.0618	0.0356	0.0390	0.1730
0.0210	0.0578	0.0328	0.0358	0.1631
0.0224	0.0618	0.0359	0.0408	0.1573
0.0195	0.0541	0.0336	0.0291	0.1622
0.0198	0.0551	0.0333	0.0356	0.1422
0.0260	0.0720	0.0452	0.0373	0.2265
0.0225	0.0619	0.0388	0.0343	0.1715
0.0294	0.0809	0.0495	0.0489	0.2009
0.0289	0.0794	0.0459	0.0490	0.2242
0.0301	0.0829	0.0468	0.0520	0.2182
0.0267	0.0739	0.0479	0.0409	0.1974
0.0238	0.0654	0.0418	0.0365	0.2008
0.0219	0.0603	0.0377	0.0368	0.1481
0.0260	0.0712	0.0437	0.0469	0.1626
0.0240	0.0660	0.0382	0.0427	0.1809
